Grading at 09/03/2020:01:32:32.390063
For commit ID 5dffa1d607785bea3280bc7aab31dda18ef854e0
Grading at Wed Sep  2 21:32:27 EDT 2020
Attempting to compile retirement.c
Checking for struct _retire_info
Found on line 4, column 1 
Checking for field int months
Found on line 5, column 3 
Checking for field double contribution
Found on line 6, column 3 
Checking for field double rate_of_return
Found on line 7, column 3 
Checking for typedef of struct _retire_info to retire_info
Found on line 10, column 1 
Checking for void retirement (int startAge, double initial,  retire_info working,  retire_info retired)
Found on line 40, column 1 
Checking for int main(void)
Found on line 50, column 1 
Trying to run retirement calculator..
Your file matched the expected output
Removing your main() and replacing it with our own to run more tests...
                |         Working              |        Retired         
 Age | Initial  | Saving  |   Rate    | Months | Spending |   Rate    | Months | Result
 240 |     0.00 | 1234.00 | 0.0026700 |   597  | -3567.00 | 0.0000000 |   210  | Correct
 240 |     0.00 | 1234.00 | 0.0026700 |   597  | -3567.00 | 0.0000000 |   370  | Correct
 240 |     0.00 | 1234.00 | 0.0026700 |   597  | -3567.00 | 0.0047100 |   214  | Correct
 240 |     0.00 | 1234.00 | 0.0026700 |   597  | -3567.00 | 0.0047100 |   400  | Correct
 240 |     0.00 | 1234.00 | 0.0026700 |   597  | -6534.00 | 0.0007700 |   210  | Correct
 240 |     0.00 | 1234.00 | 0.0026700 |   597  | -6534.00 | 0.0007700 |   382  | Correct
 240 |     0.00 | 1234.00 | 0.0026700 |   597  | -6534.00 | 0.0043200 |   229  | Correct
 240 |     0.00 | 1234.00 | 0.0026700 |   597  | -6534.00 | 0.0043200 |   397  | Correct
 240 |     0.00 | 1234.00 | 0.0026700 |   604  | -3567.00 | 0.0002500 |   204  | Correct
 240 |     0.00 | 1234.00 | 0.0026700 |   604  | -3567.00 | 0.0002500 |   384  | Correct
 240 |     0.00 | 1234.00 | 0.0026700 |   604  | -3567.00 | 0.0047400 |   228  | Correct
 240 |     0.00 | 1234.00 | 0.0026700 |   604  | -3567.00 | 0.0047400 |   381  | Correct
 240 |     0.00 | 1234.00 | 0.0026700 |   604  | -6534.00 | 0.0002400 |   231  | Correct
 240 |     0.00 | 1234.00 | 0.0026700 |   604  | -6534.00 | 0.0002400 |   371  | Correct
 240 |     0.00 | 1234.00 | 0.0026700 |   604  | -6534.00 | 0.0044800 |   232  | Correct
 240 |     0.00 | 1234.00 | 0.0026700 |   604  | -6534.00 | 0.0044800 |   402  | Correct
 240 |     0.00 | 1234.00 | 0.0056700 |   597  | -3567.00 | 0.0004900 |   220  | Correct
 240 |     0.00 | 1234.00 | 0.0056700 |   597  | -3567.00 | 0.0004900 |   404  | Correct
 240 |     0.00 | 1234.00 | 0.0056700 |   597  | -3567.00 | 0.0043100 |   217  | Correct
 240 |     0.00 | 1234.00 | 0.0056700 |   597  | -3567.00 | 0.0043100 |   403  | Correct
 240 |     0.00 | 1234.00 | 0.0056700 |   597  | -6534.00 | 0.0003700 |   226  | Correct
 240 |     0.00 | 1234.00 | 0.0056700 |   597  | -6534.00 | 0.0003700 |   383  | Correct
 240 |     0.00 | 1234.00 | 0.0056700 |   597  | -6534.00 | 0.0042700 |   205  | Correct
 240 |     0.00 | 1234.00 | 0.0056700 |   597  | -6534.00 | 0.0042700 |   382  | Correct
 240 |     0.00 | 1234.00 | 0.0056700 |   585  | -3567.00 | 0.0005900 |   219  | Correct
 240 |     0.00 | 1234.00 | 0.0056700 |   585  | -3567.00 | 0.0005900 |   384  | Correct
 240 |     0.00 | 1234.00 | 0.0056700 |   585  | -3567.00 | 0.0044500 |   216  | Correct
 240 |     0.00 | 1234.00 | 0.0056700 |   585  | -3567.00 | 0.0044500 |   400  | Correct
 240 |     0.00 | 1234.00 | 0.0056700 |   585  | -6534.00 | 0.0009600 |   230  | Correct
 240 |     0.00 | 1234.00 | 0.0056700 |   585  | -6534.00 | 0.0009600 |   389  | Correct
 240 |     0.00 | 1234.00 | 0.0056700 |   585  | -6534.00 | 0.0042300 |   230  | Correct
 240 |     0.00 | 1234.00 | 0.0056700 |   585  | -6534.00 | 0.0042300 |   401  | Correct
 240 |     0.00 | 2779.00 | 0.0026700 |   597  | -3567.00 | 0.0000100 |   225  | Correct
 240 |     0.00 | 2779.00 | 0.0026700 |   597  | -3567.00 | 0.0000100 |   391  | Correct
 240 |     0.00 | 2779.00 | 0.0026700 |   597  | -3567.00 | 0.0042900 |   229  | Correct
 240 |     0.00 | 2779.00 | 0.0026700 |   597  | -3567.00 | 0.0042900 |   375  | Correct
 240 |     0.00 | 2779.00 | 0.0026700 |   597  | -6534.00 | 0.0008100 |   225  | Correct
 240 |     0.00 | 2779.00 | 0.0026700 |   597  | -6534.00 | 0.0008100 |   378  | Correct
 240 |     0.00 | 2779.00 | 0.0026700 |   597  | -6534.00 | 0.0049200 |   233  | Correct
 240 |     0.00 | 2779.00 | 0.0026700 |   597  | -6534.00 | 0.0049200 |   380  | Correct
 240 |     0.00 | 2779.00 | 0.0026700 |   605  | -3567.00 | 0.0000300 |   214  | Correct
 240 |     0.00 | 2779.00 | 0.0026700 |   605  | -3567.00 | 0.0000300 |   409  | Correct
 240 |     0.00 | 2779.00 | 0.0026700 |   605  | -3567.00 | 0.0042200 |   206  | Correct
 240 |     0.00 | 2779.00 | 0.0026700 |   605  | -3567.00 | 0.0042200 |   406  | Correct
 240 |     0.00 | 2779.00 | 0.0026700 |   605  | -6534.00 | 0.0009000 |   227  | Correct
 240 |     0.00 | 2779.00 | 0.0026700 |   605  | -6534.00 | 0.0009000 |   373  | Correct
 240 |     0.00 | 2779.00 | 0.0026700 |   605  | -6534.00 | 0.0049600 |   228  | Correct
 240 |     0.00 | 2779.00 | 0.0026700 |   605  | -6534.00 | 0.0049600 |   409  | Correct
 240 |     0.00 | 2779.00 | 0.0056700 |   597  | -3567.00 | 0.0008400 |   230  | Correct
 240 |     0.00 | 2779.00 | 0.0056700 |   597  | -3567.00 | 0.0008400 |   407  | Correct
 240 |     0.00 | 2779.00 | 0.0056700 |   597  | -3567.00 | 0.0042100 |   211  | Correct
 240 |     0.00 | 2779.00 | 0.0056700 |   597  | -3567.00 | 0.0042100 |   376  | Correct
 240 |     0.00 | 2779.00 | 0.0056700 |   597  | -6534.00 | 0.0008600 |   212  | Correct
 240 |     0.00 | 2779.00 | 0.0056700 |   597  | -6534.00 | 0.0008600 |   381  | Correct
 240 |     0.00 | 2779.00 | 0.0056700 |   597  | -6534.00 | 0.0044000 |   216  | Correct
 240 |     0.00 | 2779.00 | 0.0056700 |   597  | -6534.00 | 0.0044000 |   388  | Correct
 240 |     0.00 | 2779.00 | 0.0056700 |   603  | -3567.00 | 0.0007500 |   213  | Correct
 240 |     0.00 | 2779.00 | 0.0056700 |   603  | -3567.00 | 0.0007500 |   388  | Correct
 240 |     0.00 | 2779.00 | 0.0056700 |   603  | -3567.00 | 0.0042000 |   230  | Correct
 240 |     0.00 | 2779.00 | 0.0056700 |   603  | -3567.00 | 0.0042000 |   383  | Correct
 240 |     0.00 | 2779.00 | 0.0056700 |   603  | -6534.00 | 0.0009400 |   217  | Correct
 240 |     0.00 | 2779.00 | 0.0056700 |   603  | -6534.00 | 0.0009400 |   396  | Correct
 240 |     0.00 | 2779.00 | 0.0056700 |   603  | -6534.00 | 0.0043400 |   213  | Correct
 240 |     0.00 | 2779.00 | 0.0056700 |   603  | -6534.00 | 0.0043400 |   372  | Correct
 240 |  6795.38 | 1234.00 | 0.0026700 |   597  | -3567.00 | 0.0004900 |   225  | Correct
 240 |  6795.38 | 1234.00 | 0.0026700 |   597  | -3567.00 | 0.0004900 |   377  | Correct
 240 |  6795.38 | 1234.00 | 0.0026700 |   597  | -3567.00 | 0.0041300 |   226  | Correct
 240 |  6795.38 | 1234.00 | 0.0026700 |   597  | -3567.00 | 0.0041300 |   377  | Correct
 240 |  6795.38 | 1234.00 | 0.0026700 |   597  | -6534.00 | 0.0000600 |   222  | Correct
 240 |  6795.38 | 1234.00 | 0.0026700 |   597  | -6534.00 | 0.0000600 |   403  | Correct
 240 |  6795.38 | 1234.00 | 0.0026700 |   597  | -6534.00 | 0.0049900 |   225  | Correct
 240 |  6795.38 | 1234.00 | 0.0026700 |   597  | -6534.00 | 0.0049900 |   403  | Correct
 240 |  6795.38 | 1234.00 | 0.0026700 |   610  | -3567.00 | 0.0009300 |   223  | Correct
 240 |  6795.38 | 1234.00 | 0.0026700 |   610  | -3567.00 | 0.0009300 |   386  | Correct
 240 |  6795.38 | 1234.00 | 0.0026700 |   610  | -3567.00 | 0.0042500 |   217  | Correct
 240 |  6795.38 | 1234.00 | 0.0026700 |   610  | -3567.00 | 0.0042500 |   380  | Correct
 240 |  6795.38 | 1234.00 | 0.0026700 |   610  | -6534.00 | 0.0008500 |   209  | Correct
 240 |  6795.38 | 1234.00 | 0.0026700 |   610  | -6534.00 | 0.0008500 |   380  | Correct
 240 |  6795.38 | 1234.00 | 0.0026700 |   610  | -6534.00 | 0.0046100 |   224  | Correct
 240 |  6795.38 | 1234.00 | 0.0026700 |   610  | -6534.00 | 0.0046100 |   391  | Correct
 240 |  6795.38 | 1234.00 | 0.0056700 |   597  | -3567.00 | 0.0006500 |   219  | Correct
 240 |  6795.38 | 1234.00 | 0.0056700 |   597  | -3567.00 | 0.0006500 |   390  | Correct
 240 |  6795.38 | 1234.00 | 0.0056700 |   597  | -3567.00 | 0.0041300 |   216  | Correct
 240 |  6795.38 | 1234.00 | 0.0056700 |   597  | -3567.00 | 0.0041300 |   393  | Correct
 240 |  6795.38 | 1234.00 | 0.0056700 |   597  | -6534.00 | 0.0000200 |   206  | Correct
 240 |  6795.38 | 1234.00 | 0.0056700 |   597  | -6534.00 | 0.0000200 |   375  | Correct
 240 |  6795.38 | 1234.00 | 0.0056700 |   597  | -6534.00 | 0.0040700 |   205  | Correct
 240 |  6795.38 | 1234.00 | 0.0056700 |   597  | -6534.00 | 0.0040700 |   370  | Correct
 240 |  6795.38 | 1234.00 | 0.0056700 |   597  | -3567.00 | 0.0008500 |   222  | Correct
 240 |  6795.38 | 1234.00 | 0.0056700 |   597  | -3567.00 | 0.0008500 |   397  | Correct
 240 |  6795.38 | 1234.00 | 0.0056700 |   597  | -3567.00 | 0.0041900 |   205  | Correct
 240 |  6795.38 | 1234.00 | 0.0056700 |   597  | -3567.00 | 0.0041900 |   403  | Correct
 240 |  6795.38 | 1234.00 | 0.0056700 |   597  | -6534.00 | 0.0005000 |   230  | Correct
 240 |  6795.38 | 1234.00 | 0.0056700 |   597  | -6534.00 | 0.0005000 |   399  | Correct
 240 |  6795.38 | 1234.00 | 0.0056700 |   597  | -6534.00 | 0.0045400 |   227  | Correct
 240 |  6795.38 | 1234.00 | 0.0056700 |   597  | -6534.00 | 0.0045400 |   401  | Correct
 240 |  6795.38 | 2462.00 | 0.0026700 |   597  | -3567.00 | 0.0007400 |   230  | Correct
 240 |  6795.38 | 2462.00 | 0.0026700 |   597  | -3567.00 | 0.0007400 |   403  | Correct
 240 |  6795.38 | 2462.00 | 0.0026700 |   597  | -3567.00 | 0.0041900 |   232  | Correct
 240 |  6795.38 | 2462.00 | 0.0026700 |   597  | -3567.00 | 0.0041900 |   406  | Correct
 240 |  6795.38 | 2462.00 | 0.0026700 |   597  | -6534.00 | 0.0007200 |   209  | Correct
 240 |  6795.38 | 2462.00 | 0.0026700 |   597  | -6534.00 | 0.0007200 |   376  | Correct
 240 |  6795.38 | 2462.00 | 0.0026700 |   597  | -6534.00 | 0.0040400 |   232  | Correct
 240 |  6795.38 | 2462.00 | 0.0026700 |   597  | -6534.00 | 0.0040400 |   400  | Correct
 240 |  6795.38 | 2462.00 | 0.0026700 |   593  | -3567.00 | 0.0000900 |   233  | Correct
 240 |  6795.38 | 2462.00 | 0.0026700 |   593  | -3567.00 | 0.0000900 |   403  | Correct
 240 |  6795.38 | 2462.00 | 0.0026700 |   593  | -3567.00 | 0.0047900 |   224  | Correct
 240 |  6795.38 | 2462.00 | 0.0026700 |   593  | -3567.00 | 0.0047900 |   405  | Correct
 240 |  6795.38 | 2462.00 | 0.0026700 |   593  | -6534.00 | 0.0001500 |   215  | Correct
 240 |  6795.38 | 2462.00 | 0.0026700 |   593  | -6534.00 | 0.0001500 |   387  | Correct
 240 |  6795.38 | 2462.00 | 0.0026700 |   593  | -6534.00 | 0.0047400 |   217  | Correct
 240 |  6795.38 | 2462.00 | 0.0026700 |   593  | -6534.00 | 0.0047400 |   371  | Correct
 240 |  6795.38 | 2462.00 | 0.0056700 |   597  | -3567.00 | 0.0005700 |   209  | Correct
 240 |  6795.38 | 2462.00 | 0.0056700 |   597  | -3567.00 | 0.0005700 |   399  | Correct
 240 |  6795.38 | 2462.00 | 0.0056700 |   597  | -3567.00 | 0.0043700 |   230  | Correct
 240 |  6795.38 | 2462.00 | 0.0056700 |   597  | -3567.00 | 0.0043700 |   381  | Correct
 240 |  6795.38 | 2462.00 | 0.0056700 |   597  | -6534.00 | 0.0009500 |   231  | Correct
 240 |  6795.38 | 2462.00 | 0.0056700 |   597  | -6534.00 | 0.0009500 |   394  | Correct
 240 |  6795.38 | 2462.00 | 0.0056700 |   597  | -6534.00 | 0.0049000 |   210  | Correct
 240 |  6795.38 | 2462.00 | 0.0056700 |   597  | -6534.00 | 0.0049000 |   371  | Correct
 240 |  6795.38 | 2462.00 | 0.0056700 |   611  | -3567.00 | 0.0006600 |   216  | Correct
 240 |  6795.38 | 2462.00 | 0.0056700 |   611  | -3567.00 | 0.0006600 |   389  | Correct
 240 |  6795.38 | 2462.00 | 0.0056700 |   611  | -3567.00 | 0.0041500 |   207  | Correct
 240 |  6795.38 | 2462.00 | 0.0056700 |   611  | -3567.00 | 0.0041500 |   402  | Correct
 240 |  6795.38 | 2462.00 | 0.0056700 |   611  | -6534.00 | 0.0005300 |   231  | Correct
 240 |  6795.38 | 2462.00 | 0.0056700 |   611  | -6534.00 | 0.0005300 |   387  | Correct
 240 |  6795.38 | 2462.00 | 0.0056700 |   611  | -6534.00 | 0.0043400 |   223  | Correct
 240 |  6795.38 | 2462.00 | 0.0056700 |   611  | -6534.00 | 0.0043400 |   375  | Correct
 345 |     0.00 | 1234.00 | 0.0026700 |   597  | -3567.00 | 0.0006000 |   222  | Correct
 345 |     0.00 | 1234.00 | 0.0026700 |   597  | -3567.00 | 0.0006000 |   379  | Correct
 345 |     0.00 | 1234.00 | 0.0026700 |   597  | -3567.00 | 0.0047800 |   205  | Correct
 345 |     0.00 | 1234.00 | 0.0026700 |   597  | -3567.00 | 0.0047800 |   402  | Correct
 345 |     0.00 | 1234.00 | 0.0026700 |   597  | -6534.00 | 0.0007700 |   209  | Correct
 345 |     0.00 | 1234.00 | 0.0026700 |   597  | -6534.00 | 0.0007700 |   400  | Correct
 345 |     0.00 | 1234.00 | 0.0026700 |   597  | -6534.00 | 0.0045500 |   225  | Correct
 345 |     0.00 | 1234.00 | 0.0026700 |   597  | -6534.00 | 0.0045500 |   384  | Correct
 345 |     0.00 | 1234.00 | 0.0026700 |   585  | -3567.00 | 0.0000300 |   210  | Correct
 345 |     0.00 | 1234.00 | 0.0026700 |   585  | -3567.00 | 0.0000300 |   404  | Correct
 345 |     0.00 | 1234.00 | 0.0026700 |   585  | -3567.00 | 0.0041300 |   217  | Correct
 345 |     0.00 | 1234.00 | 0.0026700 |   585  | -3567.00 | 0.0041300 |   385  | Correct
 345 |     0.00 | 1234.00 | 0.0026700 |   585  | -6534.00 | 0.0005100 |   227  | Correct
 345 |     0.00 | 1234.00 | 0.0026700 |   585  | -6534.00 | 0.0005100 |   386  | Correct
 345 |     0.00 | 1234.00 | 0.0026700 |   585  | -6534.00 | 0.0043200 |   231  | Correct
 345 |     0.00 | 1234.00 | 0.0026700 |   585  | -6534.00 | 0.0043200 |   408  | Correct
 345 |     0.00 | 1234.00 | 0.0056700 |   597  | -3567.00 | 0.0006900 |   232  | Correct
 345 |     0.00 | 1234.00 | 0.0056700 |   597  | -3567.00 | 0.0006900 |   380  | Correct
 345 |     0.00 | 1234.00 | 0.0056700 |   597  | -3567.00 | 0.0049700 |   206  | Correct
 345 |     0.00 | 1234.00 | 0.0056700 |   597  | -3567.00 | 0.0049700 |   400  | Correct
 345 |     0.00 | 1234.00 | 0.0056700 |   597  | -6534.00 | 0.0004600 |   229  | Correct
 345 |     0.00 | 1234.00 | 0.0056700 |   597  | -6534.00 | 0.0004600 |   381  | Correct
 345 |     0.00 | 1234.00 | 0.0056700 |   597  | -6534.00 | 0.0049100 |   217  | Correct
 345 |     0.00 | 1234.00 | 0.0056700 |   597  | -6534.00 | 0.0049100 |   377  | Correct
 345 |     0.00 | 1234.00 | 0.0056700 |   606  | -3567.00 | 0.0005600 |   208  | Correct
 345 |     0.00 | 1234.00 | 0.0056700 |   606  | -3567.00 | 0.0005600 |   377  | Correct
 345 |     0.00 | 1234.00 | 0.0056700 |   606  | -3567.00 | 0.0044400 |   220  | Correct
 345 |     0.00 | 1234.00 | 0.0056700 |   606  | -3567.00 | 0.0044400 |   381  | Correct
 345 |     0.00 | 1234.00 | 0.0056700 |   606  | -6534.00 | 0.0006800 |   206  | Correct
 345 |     0.00 | 1234.00 | 0.0056700 |   606  | -6534.00 | 0.0006800 |   379  | Correct
 345 |     0.00 | 1234.00 | 0.0056700 |   606  | -6534.00 | 0.0041300 |   204  | Correct
 345 |     0.00 | 1234.00 | 0.0056700 |   606  | -6534.00 | 0.0041300 |   398  | Correct
 345 |     0.00 | 3809.00 | 0.0026700 |   597  | -3567.00 | 0.0002700 |   212  | Correct
 345 |     0.00 | 3809.00 | 0.0026700 |   597  | -3567.00 | 0.0002700 |   407  | Correct
 345 |     0.00 | 3809.00 | 0.0026700 |   597  | -3567.00 | 0.0043300 |   232  | Correct
 345 |     0.00 | 3809.00 | 0.0026700 |   597  | -3567.00 | 0.0043300 |   384  | Correct
 345 |     0.00 | 3809.00 | 0.0026700 |   597  | -6534.00 | 0.0000000 |   207  | Correct
 345 |     0.00 | 3809.00 | 0.0026700 |   597  | -6534.00 | 0.0000000 |   394  | Correct
 345 |     0.00 | 3809.00 | 0.0026700 |   597  | -6534.00 | 0.0043600 |   213  | Correct
 345 |     0.00 | 3809.00 | 0.0026700 |   597  | -6534.00 | 0.0043600 |   379  | Correct
 345 |     0.00 | 3809.00 | 0.0026700 |   592  | -3567.00 | 0.0001200 |   225  | Correct
 345 |     0.00 | 3809.00 | 0.0026700 |   592  | -3567.00 | 0.0001200 |   379  | Correct
 345 |     0.00 | 3809.00 | 0.0026700 |   592  | -3567.00 | 0.0049300 |   209  | Correct
 345 |     0.00 | 3809.00 | 0.0026700 |   592  | -3567.00 | 0.0049300 |   374  | Correct
 345 |     0.00 | 3809.00 | 0.0026700 |   592  | -6534.00 | 0.0005400 |   212  | Correct
 345 |     0.00 | 3809.00 | 0.0026700 |   592  | -6534.00 | 0.0005400 |   385  | Correct
 345 |     0.00 | 3809.00 | 0.0026700 |   592  | -6534.00 | 0.0041500 |   206  | Correct
 345 |     0.00 | 3809.00 | 0.0026700 |   592  | -6534.00 | 0.0041500 |   389  | Correct
 345 |     0.00 | 3809.00 | 0.0056700 |   597  | -3567.00 | 0.0008200 |   224  | Correct
 345 |     0.00 | 3809.00 | 0.0056700 |   597  | -3567.00 | 0.0008200 |   395  | Correct
 345 |     0.00 | 3809.00 | 0.0056700 |   597  | -3567.00 | 0.0049900 |   221  | Correct
 345 |     0.00 | 3809.00 | 0.0056700 |   597  | -3567.00 | 0.0049900 |   373  | Correct
 345 |     0.00 | 3809.00 | 0.0056700 |   597  | -6534.00 | 0.0000500 |   205  | Correct
 345 |     0.00 | 3809.00 | 0.0056700 |   597  | -6534.00 | 0.0000500 |   405  | Correct
 345 |     0.00 | 3809.00 | 0.0056700 |   597  | -6534.00 | 0.0041600 |   225  | Correct
 345 |     0.00 | 3809.00 | 0.0056700 |   597  | -6534.00 | 0.0041600 |   381  | Correct
 345 |     0.00 | 3809.00 | 0.0056700 |   586  | -3567.00 | 0.0000100 |   215  | Correct
 345 |     0.00 | 3809.00 | 0.0056700 |   586  | -3567.00 | 0.0000100 |   409  | Correct
 345 |     0.00 | 3809.00 | 0.0056700 |   586  | -3567.00 | 0.0041200 |   220  | Correct
 345 |     0.00 | 3809.00 | 0.0056700 |   586  | -3567.00 | 0.0041200 |   399  | Correct
 345 |     0.00 | 3809.00 | 0.0056700 |   586  | -6534.00 | 0.0000800 |   214  | Correct
 345 |     0.00 | 3809.00 | 0.0056700 |   586  | -6534.00 | 0.0000800 |   399  | Correct
 345 |     0.00 | 3809.00 | 0.0056700 |   586  | -6534.00 | 0.0046400 |   211  | Correct
 345 |     0.00 | 3809.00 | 0.0056700 |   586  | -6534.00 | 0.0046400 |   370  | Correct
 345 |  8334.81 | 1234.00 | 0.0026700 |   597  | -3567.00 | 0.0000500 |   216  | Correct
 345 |  8334.81 | 1234.00 | 0.0026700 |   597  | -3567.00 | 0.0000500 |   405  | Correct
 345 |  8334.81 | 1234.00 | 0.0026700 |   597  | -3567.00 | 0.0045500 |   212  | Correct
 345 |  8334.81 | 1234.00 | 0.0026700 |   597  | -3567.00 | 0.0045500 |   409  | Correct
 345 |  8334.81 | 1234.00 | 0.0026700 |   597  | -6534.00 | 0.0005300 |   227  | Correct
 345 |  8334.81 | 1234.00 | 0.0026700 |   597  | -6534.00 | 0.0005300 |   384  | Correct
 345 |  8334.81 | 1234.00 | 0.0026700 |   597  | -6534.00 | 0.0048100 |   230  | Correct
 345 |  8334.81 | 1234.00 | 0.0026700 |   597  | -6534.00 | 0.0048100 |   407  | Correct
 345 |  8334.81 | 1234.00 | 0.0026700 |   604  | -3567.00 | 0.0000600 |   209  | Correct
 345 |  8334.81 | 1234.00 | 0.0026700 |   604  | -3567.00 | 0.0000600 |   401  | Correct
 345 |  8334.81 | 1234.00 | 0.0026700 |   604  | -3567.00 | 0.0049100 |   212  | Correct
 345 |  8334.81 | 1234.00 | 0.0026700 |   604  | -3567.00 | 0.0049100 |   376  | Correct
 345 |  8334.81 | 1234.00 | 0.0026700 |   604  | -6534.00 | 0.0003000 |   215  | Correct
 345 |  8334.81 | 1234.00 | 0.0026700 |   604  | -6534.00 | 0.0003000 |   374  | Correct
 345 |  8334.81 | 1234.00 | 0.0026700 |   604  | -6534.00 | 0.0041100 |   215  | Correct
 345 |  8334.81 | 1234.00 | 0.0026700 |   604  | -6534.00 | 0.0041100 |   394  | Correct
 345 |  8334.81 | 1234.00 | 0.0056700 |   597  | -3567.00 | 0.0004900 |   214  | Correct
 345 |  8334.81 | 1234.00 | 0.0056700 |   597  | -3567.00 | 0.0004900 |   383  | Correct
 345 |  8334.81 | 1234.00 | 0.0056700 |   597  | -3567.00 | 0.0045400 |   233  | Correct
 345 |  8334.81 | 1234.00 | 0.0056700 |   597  | -3567.00 | 0.0045400 |   389  | Correct
 345 |  8334.81 | 1234.00 | 0.0056700 |   597  | -6534.00 | 0.0004400 |   214  | Correct
 345 |  8334.81 | 1234.00 | 0.0056700 |   597  | -6534.00 | 0.0004400 |   386  | Correct
 345 |  8334.81 | 1234.00 | 0.0056700 |   597  | -6534.00 | 0.0048300 |   214  | Correct
 345 |  8334.81 | 1234.00 | 0.0056700 |   597  | -6534.00 | 0.0048300 |   396  | Correct
 345 |  8334.81 | 1234.00 | 0.0056700 |   600  | -3567.00 | 0.0000800 |   217  | Correct
 345 |  8334.81 | 1234.00 | 0.0056700 |   600  | -3567.00 | 0.0000800 |   374  | Correct
 345 |  8334.81 | 1234.00 | 0.0056700 |   600  | -3567.00 | 0.0048300 |   204  | Correct
 345 |  8334.81 | 1234.00 | 0.0056700 |   600  | -3567.00 | 0.0048300 |   378  | Correct
 345 |  8334.81 | 1234.00 | 0.0056700 |   600  | -6534.00 | 0.0002700 |   206  | Correct
 345 |  8334.81 | 1234.00 | 0.0056700 |   600  | -6534.00 | 0.0002700 |   381  | Correct
 345 |  8334.81 | 1234.00 | 0.0056700 |   600  | -6534.00 | 0.0049100 |   212  | Correct
 345 |  8334.81 | 1234.00 | 0.0056700 |   600  | -6534.00 | 0.0049100 |   397  | Correct
 345 |  8334.81 | 3703.00 | 0.0026700 |   597  | -3567.00 | 0.0008100 |   204  | Correct
 345 |  8334.81 | 3703.00 | 0.0026700 |   597  | -3567.00 | 0.0008100 |   400  | Correct
 345 |  8334.81 | 3703.00 | 0.0026700 |   597  | -3567.00 | 0.0041000 |   225  | Correct
 345 |  8334.81 | 3703.00 | 0.0026700 |   597  | -3567.00 | 0.0041000 |   376  | Correct
 345 |  8334.81 | 3703.00 | 0.0026700 |   597  | -6534.00 | 0.0002900 |   218  | Correct
 345 |  8334.81 | 3703.00 | 0.0026700 |   597  | -6534.00 | 0.0002900 |   398  | Correct
 345 |  8334.81 | 3703.00 | 0.0026700 |   597  | -6534.00 | 0.0046800 |   208  | Correct
 345 |  8334.81 | 3703.00 | 0.0026700 |   597  | -6534.00 | 0.0046800 |   388  | Correct
 345 |  8334.81 | 3703.00 | 0.0026700 |   586  | -3567.00 | 0.0000900 |   216  | Correct
 345 |  8334.81 | 3703.00 | 0.0026700 |   586  | -3567.00 | 0.0000900 |   383  | Correct
 345 |  8334.81 | 3703.00 | 0.0026700 |   586  | -3567.00 | 0.0049400 |   215  | Correct
 345 |  8334.81 | 3703.00 | 0.0026700 |   586  | -3567.00 | 0.0049400 |   376  | Correct
 345 |  8334.81 | 3703.00 | 0.0026700 |   586  | -6534.00 | 0.0006800 |   219  | Correct
 345 |  8334.81 | 3703.00 | 0.0026700 |   586  | -6534.00 | 0.0006800 |   406  | Correct
 345 |  8334.81 | 3703.00 | 0.0026700 |   586  | -6534.00 | 0.0047800 |   231  | Correct
 345 |  8334.81 | 3703.00 | 0.0026700 |   586  | -6534.00 | 0.0047800 |   406  | Correct
 345 |  8334.81 | 3703.00 | 0.0056700 |   597  | -3567.00 | 0.0000400 |   233  | Correct
 345 |  8334.81 | 3703.00 | 0.0056700 |   597  | -3567.00 | 0.0000400 |   407  | Correct
 345 |  8334.81 | 3703.00 | 0.0056700 |   597  | -3567.00 | 0.0046600 |   207  | Correct
 345 |  8334.81 | 3703.00 | 0.0056700 |   597  | -3567.00 | 0.0046600 |   403  | Correct
 345 |  8334.81 | 3703.00 | 0.0056700 |   597  | -6534.00 | 0.0009800 |   213  | Correct
 345 |  8334.81 | 3703.00 | 0.0056700 |   597  | -6534.00 | 0.0009800 |   374  | Correct
 345 |  8334.81 | 3703.00 | 0.0056700 |   597  | -6534.00 | 0.0047100 |   212  | Correct
 345 |  8334.81 | 3703.00 | 0.0056700 |   597  | -6534.00 | 0.0047100 |   381  | Correct
 345 |  8334.81 | 3703.00 | 0.0056700 |   590  | -3567.00 | 0.0000800 |   219  | Correct
 345 |  8334.81 | 3703.00 | 0.0056700 |   590  | -3567.00 | 0.0000800 |   378  | Correct
 345 |  8334.81 | 3703.00 | 0.0056700 |   590  | -3567.00 | 0.0041500 |   223  | Correct
 345 |  8334.81 | 3703.00 | 0.0056700 |   590  | -3567.00 | 0.0041500 |   390  | Correct
 345 |  8334.81 | 3703.00 | 0.0056700 |   590  | -6534.00 | 0.0004500 |   224  | Correct
 345 |  8334.81 | 3703.00 | 0.0056700 |   590  | -6534.00 | 0.0004500 |   387  | Correct
 345 |  8334.81 | 3703.00 | 0.0056700 |   590  | -6534.00 | 0.0048800 |   222  | Correct
 345 |  8334.81 | 3703.00 | 0.0056700 |   590  | -6534.00 | 0.0048800 |   405  | Correct

Overall Grade: A
